0.5
4
6
65
28
3
3
390
-23.6565
1.10396
4.05449
-0.994344
0.182021
0.564419
-0.103318
23.0247
-0.292692
0.119088
11.0471
0.257897
1.61514
4.37227
0.288296
0.317814
52.7723
1.57376
4.33521
-0.641453
0.427638
0.599799
-0.363408
-0.354836
6.85197
0.137563
1.2214
0.0242907
-6.4933
-0.566736
0.220262
1.35143
4.85453
64.1538
5.19346
-0.497521
0.104715
1.23647
0.995574
-5.73138
-0.637348
0.64745
1.74666
4.68195
0.354866
1.79541
19.2987
-2.54079
-0.0757387
3.06329
1.23253
0.480766
0.591197
-15.8883
0.151922
1.23692
11.8863
-0.516619
4.72024
-0.35303
1.54712
-1.29362
-3.65021
4.43111
0.329199
-27.776
-4.33794
-3.011
2.48171
-0.905553
-1.93415
-4.57874
37.5716
-2.58761
-2.29768
6.95191
2.05168
0.83172
-67.6642
-0.730004
-1.13224
59.7515
3.33363
-2.90438
-1.84063
-1.533
3.65291
0.503551
0.508421
14.7869
-0.963352
8.69982
1.70457
-3.97034
0.809981
-2.05318
-12.026
-5.87394
122.532
-4.24245
1.44586
-2.57849
1.85609
-2.95685
-2.15901
0.950436
-1.05732
-2.05822
7.3973
-0.54253
10.743
28.6179
1.81788
-0.593633
-3.48152
1.82302
-0.668203
3.88679
-7.3033
-0.775672
-1.78397
7.11109
1.49131
-3.20927
0.559458
3.60614
3.83484
26.7079
1.70382
-0.769181
0.454179
0.273308
-0.69234
-0.00843992
-0.183876
-1.37798
-1.13087
-0.653249
-2.4267
-0.264321
-0.120211
-0.286693
-1.52255
-0.530609
-0.136021
-0.306382
0.509163
0.434664
-0.15018
-1.03914
-0.523168
1.28525
0.016421
0.0414879
-0.450902
-0.897942
-1.4634
1.01594
-0.0808348
0.0729935
-0.313639
-0.200825
-0.489232
-2.15841
-0.592224
-0.364396
-1.0239
-0.17436
-4.16379
-0.0251416
0.0852881
-1.26616
-0.400556
-0.193102
-0.319701
0.733001
-0.490784
0.427114
-0.314953
-3.4982
0.0117515
-0.275315
-0.551527
-0.19787
-0.421633
-1.12848
-0.285894
0.0240571
-0.194735
0.0790946
-0.539748
0.320889
8.35426
-0.416266
-0.913207
-23.6765
1.04696
4.03749
-0.981344
0.127021
0.549419
-0.165318
23.0017
-0.303692
0.0550882
11.0911
0.231897
1.59014
4.44327
0.230296
0.250814
52.6853
1.57576
4.31721
-0.588453
0.338638
0.690799
-0.280408
-0.314836
6.80297
0.0785632
1.2874
0.0222907
-6.5083
-0.613736
0.173262
1.38343
4.80153
64.1958
5.22046
-0.411521
0.118715
1.22647
1.05857
-5.81638
-0.583348
0.70845
1.74666
4.68695
0.373866
1.76941
19.3367
-2.46179
-0.0717387
3.05329
1.27653
0.451766
0.617197
-15.8893
0.125922
1.17992
11.8973
-0.485619
4.74624
-0.40303
1.57712
-1.26662
-3.65421
4.46411
0.274199
-27.713
-4.33594
-3.009
2.43371
-0.872553
-1.88215
-4.56174
37.5326
-2.59561
-2.26868
6.95891
2.12168
0.92272
-67.6682
-0.703004
-1.14924
59.7285
3.25963
-2.95538
-1.82763
-1.512
3.67491
0.428551
0.566421
14.8339
-0.984352
8.66282
1.76357
-3.91134
0.857981
-2.00318
-12.018
-5.93894
122.56
-4.25145
1.44486
-2.52449
1.87109
-2.99385
-2.07401
0.996436
-1.10532
-1.99622
7.4163
-0.60353
10.777
28.6069
1.84288
-0.624633
-3.53952
1.83902
-0.685203
3.83179
-7.3473
-0.748672
-1.84697
7.10009
1.52631
-3.15827
0.533458
3.58814
3.81684
26.6999
1.72182
-0.728181
0.499179
0.320308
-0.71734
0.0535601
-0.244876
-1.31998
-1.05587
-0.689249
-2.3997
-0.287321
-0.176211
-0.357693
-1.50455
-0.527609
-0.118021
-0.302382
0.555163
0.461664
-0.11818
-1.11514
-0.537168
1.27125
0.055421
0.0244879
-0.407902
-0.944942
-1.4054
0.97094
-0.0608348
0.0989935
-0.279639
-0.163825
-0.491232
-2.16641
-0.579224
-0.412396
-1.0689
-0.14236
-4.09979
-0.0311416
0.0532881
-1.21016
-0.435556
-0.160102
-0.391701
0.766001
-0.528784
0.373114
-0.333953
-3.4962
-0.0562485
-0.235315
-0.582527
-0.22887
-0.421633
-1.07948
-0.280894
-0.00594286
-0.130735
0.0140946
-0.542748
0.304889
8.32026
-0.485266
-0.896207
1820
-0.196327
0.100869
-0.236708
-0.258827
0.2262
-0.133527
0.255947
-0.902471
-0.187278
0.224107
-0.733823
0.0243628
-0.683903
-0.134578
-0.0311653
-0.158834
-0.270063
-0.105278
-0.164154
-0.360666
-0.834298
-0.152587
-0.467342
-0.00958016
-0.0043961
-0.206067
-0.199597
0.590909
0.000796004
0.157868
-0.0721269
-0.0275563
-0.0728277
0.145789
-0.0759716
-0.480111
-0.0775469
-0.0318007
-0.347134
-0.0340408
-0.189031
-0.101419
0.17373
-0.122455
-0.0371174
0.110248
0.0298465
0.0257091
-0.446025
-0.125671
-0.0198349
-0.0598687
-0.0874464
0.0174142
0.0418096
0.0293331
-0.109527
0.0928525
1.86189
1.97996
-1.76257
-0.0186087
-0.0523936
1.70564
-0.147595
-1.25088
0.734441
-0.20714
-0.0314022
-0.129067
-0.0500123
-0.133298
1.06337
0.0392228
-0.0325493
0.111165
1.69075
-0.124674
-0.528714
-0.190861
0.290643
-0.163681
-0.127282
-0.0134253
-0.32139
-0.614911
-0.322707
-0.29933
0.330101
-0.468374
-0.253695
-0.374651
-0.191958
0.202825
-0.289509
-0.0364995
-0.00378663
-0.288264
-0.405667
-0.230548
-0.246741
-0.515365
-0.423182
-0.362486
-0.409775
-0.230259
-0.718082
-0.086092
-0.0641965
-0.356158
-0.34186
-0.318041
-0.0573153
0.0955514
-0.00186195
0.0167158
-0.101399
0.118226
-0.0808676
-0.432948
-0.111962
-0.0800796
-0.241961
-0.095915
-0.126739
-0.0400681
0.121767
-0.126522
0.053922
0.0689998
-0.0239978
0.0301554
-0.379503
-0.0753493
0.0188972
-0.114734
-0.0871332
-0.0564786
0.00413733
0.0334986
-0.0692937
-0.08187
0.107344
0.0882408
-0.337603
0.0331244
-0.254491
0.0993067
-0.0691434
-0.267198
0.132189
0.00118109
0.376258
0.0638722
0.077462
-0.00109245
0.0836341
-0.0790506
-0.0720744
-0.0633517
-0.0352204
-0.0168848
-0.0540836
0.072766
-0.120966
-0.0378036
-0.0537196
-0.245703
-0.151229
-0.498869
0.147549
0.298846
0.0189777
-0.180473
-0.494439
0.422578
-0.0758153
-0.393398
0.473693
-0.0329669
0.816964
-0.0661372
-0.0598835
-0.036756
0.205488
-0.29173
-0.212097
-0.412101
0.201815
-0.063187
-0.214869
-0.0442314
0.0265025
-0.0906607
-0.0861564
-0.670788
-0.130095
-0.387385
0.176892
0.349696
-0.621731
-0.0424763
-0.879522
-0.108279
-0.172215
-0.636871
0.0601582
-0.154069
0.8667
-0.180903
-0.0577443
-0.224061
0.320741
-0.114802
-0.166766
0.157214
0.00650341
-0.184232
0.658599
-0.213286
-0.16185
-0.0968001
-0.114617
-0.917457
-0.148853
-0.579747
0.170837
0.156332
-0.0964966
-0.385722
-0.525209
0.347962
-0.0561231
-0.45833
0.400363
-0.169543
0.575346
-0.156674
-0.202409
-0.0716613
0.166497
-0.418102
-0.306799
-0.57963
0.201663
-0.0714811
-0.450575
-0.0772771
0.0473758
-0.129053
-0.0780428
-0.542328
-0.0343838
0.0867469
0.106594
0.135754
-0.1539
0.0283339
-0.0575913
-0.445765
-0.14687
-0.0435063
-0.242556
-0.0909705
-0.164149
-0.0309347
0.124407
-0.0772666
0.146986
0.120128
0.0859507
-0.0667727
-0.334411
-0.125555
-0.0403049
-0.0848984
-0.0646988
-0.040081
-0.0619104
0.102581
-0.244115
-1.06764
0.0887321
0.179646
-0.177739
-0.749945
-0.51917
0.465755
-0.176391
-0.382047
0.45218
-0.302925
0.473403
-0.231436
-0.468418
-0.226572
0.168013
-0.869617
-0.639509
-0.373942
0.44505
-0.206729
-0.30691
-0.219336
-0.089483
-0.138032
-0.194223
-0.935681
-0.325621
0.317176
-0.219589
-0.247176
0.235187
-0.360173
1.28372
-0.227273
-0.327107
0.122719
-0.160445
-1.08263
-0.371881
-0.602217
-0.544381
-0.372382
-0.188633
-0.261411
-0.266347
-0.219856
-0.23646
-0.4267
-0.971479
-0.719015
-0.0901282
-0.55958
-0.380147
1.25985
-0.131042
-0.664579
0.488001
0.481363
-0.467422
-0.276371
-0.338337
0.752944
-0.000283727
-6.04309
0.492036
0.0786838
0.852716
0.0571816
-0.247747
-0.0045099
0.35941
-0.450786
-0.370565
-0.124382
0.691657
-0.0343201
-0.352327
0.0341426
0.102634
0.0534492
0.0591931
-0.946726
-0.11661
-0.0645266
0.00907208
0.0441886
-0.0513424
-0.00775165
-0.117093
0.028643
-0.0823059
0.0223821
0.123334
-0.119518
0.195805
-0.185128
-0.0263321
-0.0881892
0.0124503
0.0102164
-0.0534422
-0.123083
-0.2404
-0.135724
-0.149874
-0.0747038
-0.0488279
-0.141248
-0.195638
-0.0700861
-0.0118914
0.150623
0.0456188
0.024615
-0.0768881
0.119429
-0.0761421
-0.380021
-0.102458
0.00390352
-0.271431
-0.00642641
-0.114774
-0.0436877
0.131079
-0.141091
0.0358282
0.102388
0.00801795
0.0320192
-0.393813
-0.111667
0.0593411
-0.0670766
-0.0932152
-0.0131228
-0.0132033
0.0161457
-0.0560127
0.116092
0.101479
0.142215
-0.14983
0.0679179
-0.0714994
-0.4091
-0.147875
-0.135224
-0.222327
-0.135622
-0.118577
-0.0353683
0.124495
-0.151272
0.125817
0.0661618
0.0645316
-0.0813113
-0.319153
-0.049156
-0.0587693
-0.0634734
-0.0852615
-0.104603
-0.0340274
0.044627
-0.222938
-0.327039
0.311075
0.477797
-0.83896
-0.133535
-0.285309
-0.0610968
-0.250266
-0.900628
0.0623682
-0.286231
-0.0291677
-0.273353
-0.217426
-0.263371
0.50771
-0.140804
-0.207104
0.0450798
0.133066
-0.274238
-0.312661
-0.348276
0.0120574
-0.179124
-0.148283
-0.496091
-0.379082
0.239585
-0.0242466
-0.0416698
0.0411952
-0.448029
1.20094
-0.108872
-0.36391
-0.0244983
-0.101449
-1.11001
-0.213811
-0.589276
-0.593864
-0.37161
-0.042688
-0.329279
-0.249942
-0.309363
-0.170072
-0.359803
-1.13742
-0.714017
-0.0140807
-0.621868
-0.524361
1.30715
-0.105179
0.122437
1.68957
1.71847
-2.08562
0.0696194
-0.0288626
2.02364
-0.129669
-0.906758
0.918308
-0.142543
-0.152544
-0.113646
0.0673355
-0.156327
1.07126
0.0675036
-0.0494974
0.26727
1.95584
-0.189813
-0.197345
-0.0777
0.33254
-0.00114709
0.00329617
-0.0454476
0.017418
0.171944
0.0788677
0.102723
-0.118249
0.0293473
0.030927
-0.347954
-0.103924
-0.0666573
-0.201157
-0.0190081
-0.079874
-0.0452678
0.0597229
-0.0341384
0.129137
0.0292908
0.0925476
-0.14551
-0.35133
-0.0885207
-0.0395379
-0.10018
0.00193314
-0.07215
-0.0961684
0.183148
-0.00565962
0.101432
0.129547
0.0878449
-0.130525
0.0754888
-0.0188785
-0.426792
-0.114862
-0.136368
-0.265926
-0.0719806
-0.165262
-0.0461911
0.0996651
-0.0863522
0.139427
0.0477266
0.0390095
-0.0132578
-0.349371
-0.146992
-0.0810726
-0.0570047
-0.0885308
-0.0597102
-0.0911935
0.0947919
-0.135049
-0.427736
-0.251097
-0.21288
0.323849
-0.0874181
-0.623662
-0.334522
-0.173475
0.204365
-0.2627
-0.202443
0.55532
-0.236289
-0.0918957
-0.127618
-0.214581
-0.107359
-0.112637
0.246059
-0.358627
-0.188298
0.499772
-0.22853
-0.304461
-0.188681
-0.216934
-0.583009
-0.334017
-0.582531
-0.492396
-0.499454
0.551112
-0.352195
-0.224128
-0.395336
-0.196256
0.409229
-0.313293
-0.0064728
-0.0792402
-0.211375
-0.39391
-0.225684
-0.42127
-0.42678
-0.382403
-0.732832
-0.478299
-0.237552
-0.679234
-0.0784585
-0.110042
-0.268417
-0.340869
-0.356465
-0.357619
-0.598181
-0.412702
-0.493341
0.486526
-0.414274
-0.296652
-0.457858
-0.15536
0.349462
-0.253132
0.0203549
0.000365484
-0.227554
-0.353874
-0.198945
-0.399469
-0.455994
-0.318554
-0.721797
-0.488858
-0.288924
-0.669085
-0.055149
-0.126521
-0.337669
-0.271008
-0.311403
-0.296866
-0.198618
0.122842
0.183263
-0.295797
-0.357143
-0.00411848
-0.0467894
-0.238259
-0.248377
0.0644973
-0.521637
0.372616
-0.463768
-0.367385
-0.229038
0.174681
-0.312576
-0.214884
-0.0804301
0.00961131
-0.330187
-0.0849414
-0.480959
-0.0398125
-0.511949
-0.421224
-0.101575
-0.0289196
0.104294
0.0866085
0.0668455
-0.127761
0.096391
-0.0326343
-0.367804
-0.124435
-0.0294843
-0.263258
-0.0282849
-0.135313
-0.0668023
0.0585218
-0.135014
0.0658928
0.0449477
0.0387191
-0.0541099
-0.378482
-0.106116
-0.0208616
-0.0822155
-0.0774288
-0.0394233
-0.0164853
0.0883779
-0.526584
0.152477
0.173936
0.162996
-0.238668
-0.656645
1.25357
-0.122762
-0.453875
-0.278718
0.0684326
-1.38111
-0.256177
-0.799083
-0.851129
-0.46623
0.177021
-0.396586
-0.271998
-0.485671
0.0492374
-0.506683
-1.3484
-0.964182
0.15082
-0.841621
-0.774847
1.35222
-0.320583
-0.605631
-0.403981
-0.407392
0.375764
-0.390353
-0.313806
-0.325965
-0.151253
0.211798
-0.351225
-0.00313796
0.116596
-0.220176
-0.320191
-0.242221
-0.275974
-0.510605
-0.399551
-0.2933
-0.384503
-0.241672
-0.675681
-0.044478
-0.12179
-0.222962
-0.284993
-0.377838
-0.11707
0.549348
-0.23548
-0.322638
0.356691
0.365433
0.223752
-1.24175
-0.074235
0.439665
-0.948534
0.115702
-0.502253
-0.111502
0.149268
-0.0811746
-0.304622
0.457819
0.22852
-0.0537344
-1.17527
-0.176365
-0.481243
0.0665762
-0.0402118
-0.206618
-0.304649
0.552001
-0.265107
-0.525627
-0.41943
-0.464493
0.556955
-0.371314
-0.247206
-0.428391
-0.168342
0.34912
-0.324343
-0.0465838
-0.026325
-0.196468
-0.393042
-0.188772
-0.341353
-0.408857
-0.311501
-0.709938
-0.449348
-0.235635
-0.700375
-0.0545499
-0.056125
-0.262511
-0.287017
-0.337558
-0.0532572
0.111453
0.120396
0.164433
-0.179782
0.112267
0.0106669
-0.390004
-0.112362
-0.096559
-0.197774
-0.11708
-0.0949336
-0.0854652
0.070073
-0.149874
0.123865
0.0959585
0.00267403
-0.0648033
-0.358852
-0.116959
-0.0407699
-0.0959001
-0.104565
-0.0192028
-0.0827134
0.0805942
-0.0421417
0.0552746
0.0508081
-0.0080213
-0.0312818
0.122397
-0.000227466
-0.318598
-0.0815552
-0.0101979
-0.204843
-0.0923983
0.0144345
-0.0860526
0.0788556
-0.0581198
0.0900527
0.062343
0.00734438
-0.0068767
-0.381469
-0.0541929
-0.0427942
-0.110998
-0.0514825
-0.0316665
0.00591226
0.0119594
-0.1483
0.0336899
0.409536
0.4795
-0.61009
-0.0577066
-0.073662
-0.257173
-0.145065
-0.488648
-0.0418981
-0.214048
-0.0223438
-0.242749
-0.0336229
-0.150037
0.458302
-0.0491065
-0.0705668
0.25063
-0.123759
-0.189575
-0.307891
-0.183811
-0.0831571
-0.19212
-0.189432
-0.0423886
-0.417741
-0.0486069
0.425253
0.596461
-1.20982
-0.265142
0.113554
0.579342
-0.298452
-0.978398
0.608333
-0.865701
0.0649621
-0.493408
-0.522223
-0.301157
0.624064
-0.225606
-0.242104
-0.0712874
0.515936
-0.376275
-0.520837
-0.639425
0.0556577
-0.587329
-0.516161
0.0339551
-0.184656
-0.148959
1.04383
1.19944
-1.70837
-0.0788306
-0.226456
0.975746
-0.0899902
-1.23504
0.670178
-0.234401
0.44321
-0.223024
-0.105117
-0.101058
0.965961
-0.0411304
-0.0328365
0.242299
0.851324
-0.195509
-0.394598
-0.197988
0.0244511
-0.270517
-0.30477
-0.327679
-0.0387579
-0.607102
-0.302828
-0.229204
0.316527
-0.0615681
-0.65068
-0.110942
-0.0248937
0.22333
-0.136409
0.357465
0.835008
0.126606
0.102994
-0.0221642
-0.188619
-0.181161
-0.222791
0.268585
-0.314552
-0.011216
0.210376
0.191147
-0.324621
0.129039
0.0326919
-1.11128
-0.0235224
0.085739
0.114264
0.281343
-0.243725
0.097862
-0.0191647
-0.308536
-0.11166
-0.108316
-0.125043
-0.0626077
-0.153645
-0.0905751
0.0639705
-0.139214
0.163003
0.0269556
0.0425117
-0.0229449
-0.235237
-0.105522
-0.113363
-0.103673
0.0246322
-0.121808
-0.105079
0.0425891
-0.0930241
-0.455382
-0.177444
-0.172026
0.179972
-0.0742992
-0.895269
-0.0289958
-0.0537118
0.0200508
-0.0603514
0.0640778
0.975292
-0.0401108
0.0231024
-0.0468984
-0.0619082
-0.144643
-0.132734
0.245825
-0.153093
-0.0409517
0.858767
-0.111092
-0.336541
-0.0117493
-0.0171794
-1.0537
-0.155855
-0.078716
0.513551
0.567815
-0.63584
-0.121345
-0.128369
-0.169262
-0.129085
-0.491025
0.110723
-0.302552
0.0811594
-0.295947
-0.15379
-0.105204
0.498977
-0.0411195
0.028764
-0.206061
0.117227
-0.183485
-0.458499
-0.271018
0.162054
-0.322962
-0.364492
0.0353029
0.0788783
0.569794
-0.754918
-0.883213
0.77724
0.451812
0.335648
-1.87735
-0.114697
6.38692
-1.56608
0.525223
-1.15062
0.0789565
0.625292
-0.145673
-0.640771
0.531137
0.214812
0.960246
-1.54532
-0.107362
5.71323
0.162044
-0.445189
0.251686
0.106126
0.630096
-0.367892
-0.514645
-0.456803
-0.424704
0.532388
-0.422462
-0.231068
-0.386869
-0.204881
0.298427
-0.338848
-0.0119487
-0.0589068
-0.206139
-0.370382
-0.227525
-0.351864
-0.505376
-0.394043
-0.647452
-0.424118
-0.293082
-0.643541
-0.0432712
-0.0718955
-0.294021
-0.300795
-0.318716
-0.095788
0.051329
0.164471
0.206467
-0.159577
0.0785446
-0.0471882
-0.265943
-0.0604278
-0.162951
-0.20345
-0.131068
0.0537671
-0.0955406
0.0638727
-0.124739
0.180614
0.0558586
0.0809746
0.290298
-0.304605
-0.0872489
-0.0547714
-0.0582176
-0.103675
-0.075299
-0.0443394
0.000621351
-0.136855
-0.0215596
0.465568
0.598945
-0.700124
-0.0454308
-0.101968
-0.168723
-0.11964
-0.637466
-0.0466415
-0.18628
0.0442412
-0.169687
0.000294149
-0.157617
0.527435
-0.0277844
-0.00815908
0.270398
-0.0122372
-0.122866
-0.195482
-0.128501
-0.1047
-0.147439
-0.203455
0.00490978
-0.141354
-0.344554
0.370058
0.560754
-1.08084
-0.12089
-0.808161
0.0693763
-0.2047
-0.974305
0.16188
-0.240078
0.724739
-0.234255
-0.151869
-0.207384
0.451036
-0.1368
-0.112796
0.189438
0.17268
-0.214153
0.52503
-0.284445
-0.0636784
-0.167183
-0.234233
-0.873997
-0.123401
0.0207905
0.295573
0.331714
-0.416782
-0.00844137
-0.0443964
-0.304602
-0.089713
-0.367009
-0.15854
-0.123195
0.0216822
-0.178438
-0.0237641
-0.109408
0.303455
0.0370206
0.0188908
0.162969
-0.151871
-0.144788
-0.131633
-0.14424
0.0114096
-0.210102
-0.156496
0.0158245
-0.248635
-0.532314
-0.563734
-0.552144
0.565075
-0.371534
-0.316409
-0.436388
-0.14958
0.386567
-0.390367
0.0809883
0.0434431
-0.169075
-0.318363
-0.19719
-0.449014
-0.396127
-0.365065
-0.221507
-0.545393
-0.19767
-0.580262
0.0133182
-0.296764
-0.302981
-0.256582
-0.36055
-0.194505
-0.608105
0.238394
0.425135
-0.457694
-0.241424
-0.945524
-0.00895994
-0.186826
-0.43613
0.157701
-0.131949
1.17277
-0.297495
-0.167245
-0.158626
0.36654
-0.267075
-0.183745
0.040575
0.212405
-0.156684
0.539571
-0.230103
-0.134012
-0.284457
-0.240906
-1.20854
-0.302161
-0.601872
-0.614301
-0.664627
0.494035
-0.368585
-0.336005
-0.796055
-0.205244
0.632402
-0.401358
-0.0353385
0.0678055
-0.210915
-0.39964
-0.159765
-0.351149
-0.432047
-0.405809
-0.408311
-0.751471
-0.242086
-0.540972
-0.122436
-0.038341
-0.289997
-0.331702
-0.358633
-0.0578027
0.170045
0.0736249
0.179326
-0.10951
0.0778334
0.0196887
-0.431587
-0.148367
-0.156153
-0.26285
-0.129403
-0.243484
-0.0551862
0.0224932
-0.0970711
0.0997301
0.0888625
0.0862814
-0.172794
-0.300586
-0.14097
-0.0653128
-0.11456
0.019077
-0.0991094
-0.0743257
0.146548
-0.140275
-0.117573
0.408146
0.401771
-0.677683
-0.109827
-0.231287
0.2521
-0.0593547
-0.544236
0.174853
-0.265567
0.396179
-0.199931
-0.110591
-0.0218457
0.425752
-0.0417175
-0.0712828
0.198419
0.092186
-0.0898798
-0.337987
-0.13417
-0.10379
-0.27996
-0.336834
-0.300504
-0.185125
-0.53878
0.141264
0.174324
-0.199469
-0.163609
-0.907002
0.144
-0.153558
-0.240749
0.246579
-0.256833
0.930335
-0.250699
-0.118603
-0.124579
0.237287
-0.212502
-0.228902
0.0420677
0.16686
-0.178154
0.46787
-0.231708
-0.146424
-0.256378
-0.260156
-0.99844
-0.0141251
0.0844718
0.0974665
0.12043
-0.182843
0.128265
-0.050112
-0.230346
-0.114974
-0.161034
-0.227369
-0.0254764
0.117519
-0.0755168
0.132676
-0.119539
0.131971
0.0588726
-0.024319
0.318931
-0.366023
-0.0883106
0.0328516
-0.0512421
-0.117716
-0.0250892
-0.00567322
-0.022356
-0.517432
0.077853
0.376699
0.572704
-0.631686
-0.681513
1.20508
-0.136652
-0.509266
-0.606773
0.132661
-1.40565
-0.260358
-0.876346
-0.838341
-0.495707
0.432945
-0.482605
-0.274206
-0.484341
0.24342
-0.540722
-1.49241
-0.998442
0.210792
-0.85282
-0.845201
1.30074
-0.0916685
0.520793
-0.475182
-0.536824
0.48504
0.405668
0.248706
-1.38514
-0.143496
1.17046
-1.14091
0.34468
-0.760653
-0.089564
0.347397
-0.0726293
-0.47693
0.462678
0.262224
0.310982
-1.34314
-0.119333
-0.434063
0.171414
-0.301897
-0.00530738
-0.103707
0.608763
-0.0106081
0.126535
0.0251554
0.0420472
-0.0672098
0.0754287
-0.0379772
-0.399786
-0.146624
-0.126569
-0.305669
-0.10966
-0.164699
-0.0994656
0.113301
-0.121083
0.0834542
0.108683
-0.0225252
0.0719224
-0.332232
-0.079397
-0.0399013
-0.066855
-0.114971
-0.0260793
0.018479
0.092306
-0.00918349
0.0147674
0.0509503
-0.0203809
0.00425057
0.10332
-0.0453166
-0.181719
-0.0794036
0.0446144
-0.108755
-0.109587
0.133491
-0.0757789
0.151636
-0.0260975
0.0083893
0.0845319
-0.00624759
0.342473
-0.211667
-0.0504559
-0.0474526
-0.0542262
-0.207108
-0.0795709
-0.09396
-0.0176413
-0.256596
-1.01849
0.150683
0.21266
-0.117389
-0.7389
-0.487427
0.464713
-0.231281
-0.492498
0.483346
-0.354625
0.428628
-0.227644
-0.529908
-0.256545
0.292463
-0.892189
-0.64446
-0.375367
0.563202
-0.214904
-0.223746
-0.272124
-0.0335225
-0.169125
-0.184258
-0.839433
-0.375217
-0.595628
-0.355771
-0.262281
0.309504
-0.453478
-0.322218
-0.408696
-0.240908
0.17322
-0.273065
-0.070359
0.0513133
-0.231837
-0.424766
-0.203133
-0.247083
-0.527413
-0.379199
-0.385225
-0.388534
-0.23499
-0.713996
-0.0913712
-0.155046
-0.356721
-0.379273
-0.299074
-0.631881
-0.454076
3.23283
3.30038
-4.267
-0.535416
-0.356411
3.714
-0.264454
-2.55782
2.54363
-1.21715
0.69276
-0.884728
-0.919671
-0.254128
2.51785
-0.356793
-0.185794
-0.506664
3.61281
-0.568259
-1.87587
-0.756573
1.18499
-1.15076
-1.15446
-0.187684
-0.326561
-0.538108
-0.452599
-0.51969
0.568169
-0.364909
-0.223595
-0.440665
-0.195771
0.354574
-0.250593
0.00986102
-0.0217491
-0.19293
-0.336707
-0.205215
-0.398765
-0.482242
-0.369991
-0.746471
-0.504593
-0.223053
-0.66608
-0.0190072
-0.0605391
-0.241979
-0.299757
-0.358025
0.0340655
-0.41212
-0.259042
-0.1802
0.239641
0.0326269
-0.824725
-0.0527001
-0.0983666
0.14687
-0.0689832
0.0986855
0.980967
0.0244969
0.19964
-0.0236672
-0.13065
-0.0214057
-0.104636
0.432805
-0.194478
-0.0571139
0.987246
0.00192148
-0.371411
0.121933
0.0312722
-1.13646
-0.288925
-0.302795
-0.23455
-0.268835
0.318799
-0.321368
-0.0132057
-0.518694
-0.215285
0.151056
-0.368937
-0.077802
-0.181642
-0.277306
-0.362387
-0.14762
-0.131005
-0.328713
-0.218298
-0.325927
-0.495032
-0.258207
-0.683828
-0.105673
-0.0713388
-0.356487
-0.374009
0.0130393
0.0796205
-0.451085
-2.1104
-3.59666
2.71372
-0.162506
-0.198578
-2.13531
-0.0211125
6.00619
-2.62359
0.890893
-0.00263058
0.349018
0.34521
0.0180663
-2.84112
-0.283146
-0.213885
-0.015471
-2.0851
0.0979775
1.68993
0.377919
-1.05864
0.457326
0.368399
-0.250755
-0.425325
-1.09439
0.331451
0.372589
-0.303403
-0.833987
-0.727503
0.964745
-0.0925575
-2.59226
0.903988
-0.659407
1.07175
-0.360421
-0.818707
-0.132148
0.327848
-0.898326
-0.588195
-1.23762
0.68016
-0.237135
-1.15124
-0.306488
0.173209
-0.534859
-0.409319
-0.966091
-0.0634098
-0.0601232
0.145566
0.0481816
-0.0534427
-0.0427617
-0.0488843
0.0925068
-0.0198734
-0.0512689
0.149929
-0.140243
0.351915
-0.199521
-0.00514501
0.00322437
0.131984
0.00251846
0.0136679
-0.120384
-0.131856
-0.125518
-0.188934
-0.143988
-0.0346619
-0.148709
-0.224948
0.0160986
84
-0.332784
0.169221
-0.130207
-0.977404
-0.54246
0.622818
0.38255
-0.681327
0.448916
0.480411
-0.73239
0.382069
-0.720471
-0.435891
-0.442759
-0.522834
0.293494
-0.14585
-0.205299
-1.47943
1.35082
0.965772
-0.888287
-0.845468
-0.135439
-0.0428085
-0.33317
-0.741077
1.52509
0.00548202
0.103074
-0.0381271
-0.686081
-0.152416
0.415762
-1.07822
-0.418737
0.796288
-1.77796
-0.329006
0.251024
-0.423873
-0.393992
0.461022
-0.341475
-0.150935
-0.0320556
-0.367121
0.0641562
-0.0393935
0.434775
-0.64316
0.155302
0.106188
-0.375948
0.00397544
0.0221841
-0.51454
0.497107
0.0928524
0.860037
-0.866899
-0.22969
-0.209991
0.0706663
-0.295822
-0.856293
1.59756
-0.299008
-0.213263
0.179819
-0.650311
0.20833
0.0189049
0.132008
-0.380834
0.384448
-0.317427
-0.42485
0.330628
-0.187483
-0.640841
-2.21533
1.79667
